{
 "cells": [
  {
   "cell_type": "code",
   "execution_count": 1,
   "metadata": {
    "collapsed": true
   },
   "outputs": [
    {
     "data": {
      "text/plain": [
       "'\\nif __name__==\"__main__\":\\n    np.set_printoptions(threshold=np.inf)\\n    am_dl()\\n'"
      ]
     },
     "execution_count": 1,
     "metadata": {},
     "output_type": "execute_result"
    }
   ],
   "source": [
    "from __future__ import absolute_import\n",
    "from __future__ import division\n",
    "from __future__ import print_function\n",
    "\n",
    "from datetime import datetime\n",
    "import os.path\n",
    "import time\n",
    "\n",
    "import numpy as np\n",
    "from six.moves import xrange  # pylint: disable=redefined-builtin\n",
    "import math\n",
    "from utils import *\n",
    "\n",
    "#from nets import *\n",
    "from random import * \n",
    "\n",
    "placeholder_dict = {}\n",
    "\n",
    "\"\"\"\n",
    "Sample generation\n",
    "\"\"\"\n",
    "def rand_pm1():\n",
    "    if randint(0,1)==0:\n",
    "        return -1\n",
    "    else:\n",
    "        return 1\n",
    "\n",
    "def make_data_set(A,size,m,s,f):\n",
    "    n = np.shape(A)[1]\n",
    "    hs = np.zeros((size,m))\n",
    "    for i in range(size):\n",
    "        coords = sample_without_replacement(n,s)\n",
    "        for j in coords:\n",
    "            hs[i,j] = f()\n",
    "    return np.dot(hs,A).astype(np.float32)\n",
    "#(np.dot(hs,A).astype(np.float32), hs)\n",
    "\n",
    "def make_data_set_pm1(A, size,m,s):\n",
    "    return make_data_set(A,size,m,s,rand_pm1)\n",
    "\n",
    "def get_batch(A,m,s, num_examples):\n",
    "    return make_data_set_pm1(A,num_examples,m,s)\n",
    "\n",
    "def init_close(A, sigma):\n",
    "    dims = np.shape(A)\n",
    "    R= 1/math.sqrt(dims[1]) * sigma * np.random.randn(*dims)\n",
    "    return (A + R).astype(np.float32)\n",
    "\n",
    "def am_step(xs, A, eta, th, verbosity=1):\n",
    "    #decoding\n",
    "    hs = [[x if x>th or x<-th else 0 for x in li] for li in np.dot(xs,np.transpose(A))]\n",
    "#map(lambda x: x if x>th or x<-th else 0, np.dot(xs,np.transpose(A)))\n",
    "    diff = (np.dot(hs, A) - xs)\n",
    "    grad = np.dot( np.transpose(hs), diff)/np.shape(xs)[0]\n",
    "    #print(np.shape(A))\n",
    "    #print(np.shape(grad))\n",
    "    #print(grad)\n",
    "    #print(\"am_step\")\n",
    "    #print(hs[0], diff[0], eta, grad[0])\n",
    "    A = A - eta * grad\n",
    "    if verbosity==1:\n",
    "        loss = np.mean(np.sum(np.square(diff), 1))\n",
    "        #np.sum(np.square(diff))\n",
    "        printv(\"Loss: %f\" % loss, verbosity, 1)\n",
    "    return A\n",
    "\n",
    "def eval_step(xs, A, th, verbosity=1):\n",
    "    hs = [[x if x>th or x<-th else 0 for x in li] for li in np.dot(xs,np.transpose(A))]\n",
    "#map(lambda x: x if x>th or x<-th else 0, np.dot(xs,np.transpose(A)))\n",
    "    diff = xs - np.dot(hs, A)\n",
    "    loss = np.mean(np.sum(np.square(diff), 1))\n",
    "    printv(\"Eval loss: %f\" % loss, verbosity, 1)\n",
    "    return loss\n",
    "\n",
    "def train_dl(A, B, m, s,batch_size, steps, eta, th, eval_steps):\n",
    "    xs = get_batch(A, m, s, batch_size)\n",
    "    eval_step(xs, B, th)\n",
    "    for i in range(1,steps+1):\n",
    "        xs = get_batch(A, m, s, batch_size)\n",
    "        B = am_step(xs, B, eta, th, 1 if i % eval_steps == 0 else 0)\n",
    "        #print(B[0])\n",
    "        if i % eval_steps == 0:\n",
    "            xs = get_batch(A, m, s, batch_size)\n",
    "            loss = eval_step(xs, B, th)\n",
    "    return (B, loss)\n",
    "\n",
    "def make_A(m,n,verbosity=1):\n",
    "    A = 1/math.sqrt(n) * np.random.randn(m,n)\n",
    "    A = [ai/np.linalg.norm(ai) for ai in A]\n",
    "    printv(\"A:\", verbosity,2)\n",
    "    printv(A, verbosity, 2)\n",
    "    printv(\"AA^T:\", verbosity, 2)\n",
    "    printv(np.dot(A,np.transpose(A)), verbosity, 2)\n",
    "    return A\n",
    "\n",
    "def am_dl(verbosity=1):\n",
    "    f = open('am_dl_3_50_25.txt', 'w')\n",
    "    s = 3\n",
    "    m = 50 # hidden vector\n",
    "    n = 25 # observed vector\n",
    "    q = s/m\n",
    "    printv((s,m,n,q),verbosity,1)\n",
    "    max_steps = 2000\n",
    "    eval_steps = 100      \n",
    "    #alpha_list = [1e-2] #[1e-4, 1e-3, 1e-2]\n",
    "    batch_size = 256 # \\Om(m * s)\n",
    "    th = 0.5\n",
    "    eta = 0.1 # 0.1 * m/s\n",
    "    A = make_A(m,n,verbosity)\n",
    "    #[(lambda M: init_close(M,0), \"0\")]:\n",
    "    for (init,st) in [(init_close(A, 0.05), \"0.05\"),\n",
    "                      (init_close(A, 0.1), \"0.1\"),\n",
    "                      (init_close(A, 0.2), \"0.2\"),\n",
    "                      (init_close(A, 0.5), \"0.5\"),\n",
    "                      (1/math.sqrt(n)*np.random.randn(m,n).astype(np.float32), \"random\"), \n",
    "                      (make_data_set_pm1(A,m,m,s), \"samples\"),\n",
    "                      (make_data_set_pm1(A,2*m,m,s), \"oversamples\")]:\n",
    "        train_dl_and_eval(A, m, s, batch_size, max_steps, eval_steps, eta, f, init, st, th=0.5, verbosity=verbosity)\n",
    "    f.close()\n",
    "\n",
    "def train_dl_and_eval(A, m, s, batch_size, max_steps, eval_steps, eta, f=None, init=None, st=\"\", th=0.5, verbosity=1):\n",
    "    #for alpha in alpha_list:\n",
    "\n",
    "#    printv((batch_size, max_steps, eta, st), verbosity,1)\n",
    "#    f.write(str((batch_size, max_steps, eta, st)))\n",
    "    printv(st, verbosity, 1)\n",
    "    if f!=None:\n",
    "        f.write(st)\n",
    "        f.write(\"\\n\")\n",
    "\n",
    "    A0 = init\n",
    "    (B, loss) = train_dl(A, A0, m, s, batch_size, max_steps, eta, th, eval_steps)\n",
    "    printv(\"A:\", verbosity, 2)\n",
    "    printv(A, verbosity, 2)\n",
    "    printv(\"B:\", verbosity, 2)\n",
    "    printv(B, verbosity, 2)\n",
    "\n",
    "    if f!=None:\n",
    "        f.write(\"Loss:\\n\")\n",
    "        f.write(str(loss))\n",
    "        f.write(\"\\n\")\n",
    "\n",
    "    (mins1, argmins1, closestRows1) = getClosestRows(A,B)\n",
    "    printv(\"Distance from rows of A:\", verbosity, 1)\n",
    "    printv(mins1, verbosity, 1)\n",
    "    if f!=None:\n",
    "        f.write(\"Distance from rows of A:\\n\")\n",
    "        f.write(str(mins1))\n",
    "        f.write(\"\\n\")\n",
    "\n",
    "    Bn = [bi/np.linalg.norm(bi) for bi in B]\n",
    "\n",
    "    (mins2, argmins2, closestRows2) = getClosestRows(A,Bn)\n",
    "    printv(\"Distance from rows of A (after normalization):\", verbosity, 1)\n",
    "    printv(mins2, verbosity, 1)\n",
    "    if f!=None:\n",
    "        f.write(\"Distance from rows of A (after normalization):\\n\")\n",
    "        f.write(str(mins2))\n",
    "        f.write(\"\\n\")\n",
    "\n",
    "    (mins3, argmins3, closestRows3) = getClosestRows(Bn, A)\n",
    "    printv(\"Distance from rows of B (after normalization):\", verbosity, 1)\n",
    "    printv(mins3, verbosity, 1)\n",
    "    if f!=None:\n",
    "        f.write(\"Distance from rows of B (after normalization):\\n\")\n",
    "        f.write(str(mins3))\n",
    "        f.write(\"\\n\")\n",
    "\n",
    "    AB = np.dot(A,np.transpose(B))\n",
    "    printv(\"AB^T\", verbosity, 2)\n",
    "    printv(AB, verbosity, 2)\n",
    "    return (loss, B, Bn, mins1, mins2, mins3, AB)\n",
    "    \n",
    "\"\"\"\n",
    "Is learned dictionary close to real dictionary?\n",
    "\"\"\"\n",
    "\n",
    "def getClosestRows(A,B):\n",
    "    dists = [[np.linalg.norm(ai-bi) for bi in B] for ai in A]\n",
    "    argmins = [np.argmin(row) for row in dists]\n",
    "    mins = [np.min(row) for row in dists]\n",
    "    closestRows = [B[i] for i in argmins]\n",
    "    return (mins, argmins, closestRows)  \n",
    "\n",
    "\"\"\"\n",
    "if __name__==\"__main__\":\n",
    "    np.set_printoptions(threshold=np.inf)\n",
    "    am_dl()\n",
    "\"\"\""
   ]
  },
  {
   "cell_type": "code",
   "execution_count": 2,
   "metadata": {
    "collapsed": false
   },
   "outputs": [],
   "source": [
    "def am_dl_eta():\n",
    "    f = open('am_dl_3_50_25.txt', 'w')\n",
    "    s = 3\n",
    "    m = 50 # hidden vector\n",
    "    n = 25 # observed vector\n",
    "    q = s/m\n",
    "    print(s,m,n,q)\n",
    "    max_steps = 2000\n",
    "    eval_steps = 100      \n",
    "    #alpha_list = [1e-2] #[1e-4, 1e-3, 1e-2]\n",
    "    batch_size = 256 # \\Om(m * s)\n",
    "    th = 0.5\n",
    "    eta = 0.1 # 0.1 * m/s\n",
    "    A = 1/math.sqrt(n) * np.random.randn(m,n)\n",
    "    A = [ai/np.linalg.norm(ai) for ai in A]\n",
    "    print(\"A:\")\n",
    "    print(A)\n",
    "    print(\"AA^T:\")\n",
    "    print(np.dot(A,np.transpose(A)))\n",
    "    init = init_close(A, 0.5)\n",
    "    st = \"0.5\"\n",
    "    for eta in [0.1, 0.5, 1]:\n",
    "            print(batch_size, max_steps, eta, st)\n",
    "            f.write(str((batch_size, max_steps, eta, st)))\n",
    "            f.write(\"\\n\")\n",
    "\n",
    "            A0 = init\n",
    "            (B, loss) = train_dl(A, A0, m, s, batch_size, max_steps, eta, th, eval_steps)\n",
    "            #print(\"A:\")\n",
    "            #print(A)\n",
    "            #print(\"B:\")\n",
    "            #print(B)\n",
    "\n",
    "            f.write(\"Loss:\\n\")\n",
    "            f.write(str(loss))\n",
    "            f.write(\"\\n\")\n",
    "            \n",
    "            (mins, argmins, closestRows) = getClosestRows(A,B)\n",
    "            #print(\"Distance from rows of A:\")\n",
    "            #print(mins)\n",
    "            f.write(\"Distance from rows of A:\\n\")\n",
    "            f.write(str(mins))\n",
    "            f.write(\"\\n\")\n",
    "            \n",
    "            Bn = [bi/np.linalg.norm(bi) for bi in B]\n",
    "\n",
    "            (mins, argmins, closestRows) = getClosestRows(A,Bn)\n",
    "            print(\"Distance from rows of A (after normalization):\")\n",
    "            print(mins)\n",
    "            f.write(\"Distance from rows of A (after normalization):\\n\")\n",
    "            f.write(str(mins))\n",
    "            f.write(\"\\n\")\n",
    "\n",
    "            (mins, argmins, closestRows) = getClosestRows(Bn, A)\n",
    "            print(\"Distance from rows of B (after normalization):\")\n",
    "            print(mins)\n",
    "            f.write(\"Distance from rows of B (after normalization):\\n\")\n",
    "            f.write(str(mins))\n",
    "            f.write(\"\\n\")\n",
    "            \n",
    "            AB = np.dot(A,np.transpose(B))\n",
    "            print(\"AB^T\")\n",
    "            print(AB)\n",
    "    f.close()\n"
   ]
  },
  {
   "cell_type": "code",
   "execution_count": 4,
   "metadata": {
    "collapsed": true
   },
   "outputs": [
    {
     "data": {
      "text/plain": [
       "[4, 8, 1, 6, 2, 9]"
      ]
     },
     "execution_count": 4,
     "metadata": {},
     "output_type": "execute_result"
    }
   ],
   "source": [
    "sample_without_replacement(10, 6)"
   ]
  },
  {
   "cell_type": "code",
   "execution_count": 3,
   "metadata": {
    "collapsed": true
   },
   "outputs": [],
   "source": [
    "np.set_printoptions(threshold=np.inf)\n",
    "np.set_printoptions(precision=2)"
   ]
  },
  {
   "cell_type": "code",
   "execution_count": 7,
   "metadata": {
    "collapsed": true
   },
   "outputs": [
    {
     "name": "stdout",
     "output_type": "stream",
     "text": [
      "3 50 25 0.06\n",
      "A:\n",
      "[array([ 0.11,  0.11,  0.16,  0.06,  0.17, -0.38, -0.04, -0.01,  0.04,\n",
      "       -0.04,  0.33,  0.03, -0.09, -0.55,  0.31,  0.01, -0.25, -0.01,\n",
      "        0.01, -0.09,  0.17, -0.18, -0.24, -0.06, -0.24]), array([-0.37,  0.1 ,  0.03,  0.03, -0.02,  0.62,  0.  ,  0.09,  0.2 ,\n",
      "       -0.3 ,  0.2 , -0.07, -0.35, -0.04,  0.04, -0.09,  0.08, -0.05,\n",
      "        0.23,  0.19, -0.01,  0.2 , -0.08,  0.06, -0.04]), array([-0.3 ,  0.22, -0.09, -0.06,  0.02, -0.04,  0.16, -0.05, -0.3 ,\n",
      "       -0.03,  0.04,  0.22,  0.07, -0.26,  0.42, -0.42,  0.2 ,  0.05,\n",
      "        0.22, -0.22,  0.22,  0.11, -0.06, -0.08,  0.21]), array([-0.19, -0.31,  0.26, -0.27,  0.21, -0.05, -0.06, -0.12, -0.34,\n",
      "       -0.  ,  0.17, -0.42,  0.17,  0.01, -0.11, -0.02, -0.23, -0.11,\n",
      "       -0.31,  0.03, -0.03, -0.11, -0.02, -0.06,  0.34]), array([ 0.28,  0.12, -0.31, -0.4 , -0.07, -0.33, -0.14,  0.08,  0.02,\n",
      "       -0.1 ,  0.04,  0.22, -0.08,  0.19,  0.16, -0.04, -0.15, -0.18,\n",
      "        0.45,  0.24, -0.11,  0.12,  0.1 ,  0.05, -0.17]), array([ -1.95e-01,  -4.26e-01,   2.26e-01,  -1.26e-01,  -1.83e-02,\n",
      "        -2.60e-01,   1.35e-01,  -1.28e-01,  -1.62e-01,   1.54e-02,\n",
      "         1.76e-01,   1.31e-01,   2.71e-04,   1.71e-01,  -4.40e-02,\n",
      "        -2.59e-01,   2.47e-01,  -2.47e-02,  -1.16e-01,   2.90e-01,\n",
      "        -3.76e-01,  -3.21e-01,   1.59e-01,   1.48e-02,   9.27e-02]), array([ 0.01, -0.14, -0.03,  0.03, -0.26, -0.02, -0.35, -0.12,  0.28,\n",
      "        0.1 ,  0.36, -0.09, -0.04,  0.15, -0.3 , -0.02,  0.36,  0.37,\n",
      "        0.12,  0.06,  0.05, -0.22,  0.04,  0.08,  0.31]), array([  7.96e-02,   5.82e-05,   1.55e-01,   3.22e-02,  -1.59e-01,\n",
      "         1.92e-01,   5.13e-01,  -1.01e-01,   9.70e-02,   1.92e-02,\n",
      "         2.08e-01,   2.17e-01,  -2.58e-02,   4.06e-02,   5.00e-01,\n",
      "        -8.58e-02,  -1.21e-02,   9.36e-02,  -2.08e-01,  -1.57e-01,\n",
      "         1.83e-01,   6.41e-02,   3.77e-01,   1.24e-01,  -2.68e-02]), array([-0.25,  0.03, -0.12,  0.11,  0.18, -0.15,  0.06, -0.08,  0.1 ,\n",
      "        0.2 ,  0.16,  0.01,  0.22,  0.16,  0.15,  0.08, -0.22,  0.38,\n",
      "       -0.29,  0.2 ,  0.18,  0.07,  0.38, -0.32, -0.25]), array([-0.16,  0.42, -0.07,  0.22,  0.03, -0.17, -0.18, -0.45,  0.  ,\n",
      "       -0.14,  0.06,  0.07,  0.21,  0.31, -0.34, -0.13, -0.03,  0.18,\n",
      "        0.07,  0.26,  0.11, -0.17, -0.14, -0.04, -0.07]), array([ 0.24,  0.04, -0.05, -0.12,  0.09, -0.17, -0.64,  0.  , -0.29,\n",
      "        0.11, -0.04, -0.2 ,  0.11, -0.13, -0.05, -0.17, -0.27,  0.2 ,\n",
      "        0.01,  0.2 , -0.09, -0.21, -0.15,  0.21, -0.05]), array([ 0.01, -0.17, -0.21,  0.09,  0.27, -0.19, -0.03, -0.23, -0.07,\n",
      "        0.12, -0.  ,  0.04,  0.21,  0.06,  0.1 , -0.06, -0.33, -0.38,\n",
      "       -0.11, -0.02,  0.07, -0.42,  0.3 , -0.38, -0.01]), array([-0.04,  0.09, -0.23, -0.06, -0.05,  0.16,  0.35, -0.12,  0.21,\n",
      "        0.28, -0.17, -0.14, -0.12,  0.36,  0.14, -0.01,  0.2 , -0.3 ,\n",
      "        0.35, -0.02, -0.18,  0.17,  0.08, -0.29,  0.19]), array([-0.02, -0.13,  0.06,  0.3 ,  0.48, -0.01, -0.09, -0.02, -0.2 ,\n",
      "       -0.18, -0.08, -0.51,  0.14,  0.08, -0.01,  0.13,  0.1 ,  0.29,\n",
      "        0.01, -0.21,  0.09, -0.04,  0.09, -0.31,  0.19]), array([ 0.16,  0.05,  0.15, -0.14,  0.12,  0.33,  0.24,  0.25,  0.23,\n",
      "       -0.16, -0.21,  0.3 , -0.01,  0.03, -0.14, -0.16, -0.03, -0.17,\n",
      "       -0.09,  0.27,  0.08, -0.  ,  0.4 ,  0.38,  0.04]), array([ 0.04,  0.43, -0.02,  0.07,  0.47, -0.08,  0.21,  0.16, -0.08,\n",
      "       -0.08,  0.01, -0.01, -0.13,  0.08, -0.12, -0.12, -0.18,  0.24,\n",
      "        0.28, -0.04, -0.33, -0.05,  0.16,  0.36,  0.05]), array([ 0.25, -0.08, -0.05,  0.02, -0.08, -0.09,  0.08, -0.2 ,  0.01,\n",
      "        0.1 ,  0.16, -0.32,  0.  , -0.13,  0.33, -0.14,  0.19,  0.08,\n",
      "       -0.22,  0.05, -0.29,  0.32,  0.06,  0.41, -0.37]), array([-0.24, -0.09, -0.09, -0.08, -0.06,  0.29,  0.05, -0.2 ,  0.24,\n",
      "       -0.02, -0.07,  0.04,  0.3 , -0.11,  0.15,  0.06, -0.26, -0.27,\n",
      "        0.14,  0.24, -0.2 , -0.07,  0.52,  0.23,  0.07]), array([-0.19,  0.07, -0.15,  0.09,  0.4 ,  0.11, -0.07,  0.25, -0.15,\n",
      "        0.14,  0.01, -0.02,  0.46, -0.11, -0.12, -0.25,  0.07, -0.01,\n",
      "       -0.32, -0.11,  0.09,  0.32, -0.  , -0.29,  0.17]), array([-0.24,  0.05, -0.24,  0.18, -0.27,  0.16, -0.35,  0.07,  0.17,\n",
      "        0.02, -0.29,  0.14, -0.19, -0.07, -0.42, -0.13,  0.08,  0.11,\n",
      "        0.04,  0.03, -0.3 ,  0.  , -0.21, -0.2 , -0.26]), array([ 0.31,  0.09, -0.19,  0.1 ,  0.07,  0.13,  0.09,  0.2 , -0.27,\n",
      "       -0.15, -0.05,  0.21,  0.1 ,  0.21, -0.09, -0.16, -0.09,  0.18,\n",
      "       -0.31,  0.12, -0.23, -0.14,  0.07, -0.43, -0.38]), array([-0.36,  0.13,  0.28,  0.13, -0.11, -0.32,  0.46, -0.23,  0.16,\n",
      "        0.01, -0.14, -0.32, -0.12, -0.18,  0.  , -0.12,  0.09, -0.02,\n",
      "       -0.04, -0.32,  0.21,  0.08,  0.06,  0.09,  0.03]), array([-0.08,  0.07,  0.25, -0.09,  0.15,  0.28,  0.06, -0.41,  0.15,\n",
      "       -0.31, -0.07, -0.27,  0.22,  0.16, -0.11,  0.05,  0.17,  0.19,\n",
      "        0.12,  0.17, -0.32, -0.23, -0.1 ,  0.27, -0.07]), array([ 0.16,  0.1 ,  0.32,  0.  ,  0.35, -0.16,  0.25,  0.11, -0.14,\n",
      "        0.08,  0.25, -0.45, -0.21,  0.03,  0.11, -0.17,  0.03,  0.06,\n",
      "        0.11,  0.02, -0.34, -0.07,  0.12, -0.06, -0.33]), array([-0.06,  0.  , -0.09,  0.36, -0.11, -0.21, -0.27,  0.14,  0.22,\n",
      "       -0.31, -0.34,  0.23, -0.12,  0.02,  0.06, -0.06,  0.41,  0.1 ,\n",
      "        0.17,  0.03, -0.14,  0.11, -0.14,  0.33, -0.08]), array([-0.12,  0.09,  0.07, -0.31, -0.02,  0.14, -0.15,  0.5 ,  0.21,\n",
      "        0.09, -0.17,  0.18, -0.05,  0.18,  0.41,  0.06,  0.25,  0.02,\n",
      "       -0.27,  0.01,  0.23, -0.16,  0.18, -0.08, -0.01]), array([-0.12, -0.33, -0.35, -0.15,  0.12,  0.01, -0.1 , -0.12, -0.19,\n",
      "       -0.43, -0.04,  0.09, -0.15, -0.01,  0.13,  0.24,  0.09, -0.35,\n",
      "        0.16,  0.25,  0.07,  0.36, -0.07, -0.03,  0.08]), array([ 0.04,  0.  ,  0.11,  0.02, -0.21,  0.27, -0.11, -0.05,  0.04,\n",
      "       -0.03, -0.06,  0.03, -0.3 , -0.29,  0.08, -0.23, -0.27,  0.21,\n",
      "       -0.04,  0.41,  0.14, -0.17, -0.26,  0.45, -0.12]), array([ 0.06,  0.33,  0.11, -0.04, -0.12,  0.11,  0.36,  0.41, -0.19,\n",
      "        0.01, -0.35,  0.22, -0.07,  0.32,  0.09,  0.12,  0.1 ,  0.19,\n",
      "        0.17, -0.08,  0.15, -0.05,  0.14,  0.12, -0.27]), array([-0.31,  0.08, -0.19, -0.25,  0.16,  0.4 , -0.05,  0.01, -0.24,\n",
      "        0.2 , -0.23, -0.1 , -0.09, -0.23,  0.05,  0.02,  0.08, -0.26,\n",
      "       -0.18, -0.03,  0.23, -0.03,  0.13, -0.45, -0.08]), array([-0.21, -0.26, -0.29, -0.14, -0.13,  0.11, -0.32, -0.3 ,  0.22,\n",
      "        0.01, -0.2 ,  0.38, -0.09,  0.02,  0.22, -0.3 , -0.23, -0.2 ,\n",
      "       -0.07,  0.04,  0.07, -0.24, -0.14,  0.05, -0.01]), array([ 0.13, -0.23,  0.18,  0.  ,  0.17,  0.52, -0.13, -0.16,  0.08,\n",
      "        0.25, -0.07, -0.19,  0.01,  0.24,  0.09,  0.15,  0.16, -0.11,\n",
      "        0.08, -0.29,  0.25, -0.03,  0.4 , -0.02,  0.1 ]), array([-0.3 ,  0.44, -0.05,  0.06, -0.14, -0.26, -0.08,  0.22, -0.06,\n",
      "       -0.12,  0.09, -0.09, -0.01,  0.18,  0.1 ,  0.17,  0.2 ,  0.08,\n",
      "       -0.33, -0.19, -0.42, -0.1 ,  0.19, -0.03,  0.22]), array([-0.44, -0.04, -0.14, -0.09,  0.02,  0.16,  0.02, -0.  , -0.03,\n",
      "        0.09,  0.25,  0.26, -0.41, -0.22,  0.  , -0.18,  0.07,  0.01,\n",
      "       -0.18,  0.09,  0.02, -0.18, -0.2 ,  0.19,  0.45]), array([ 0.13, -0.09,  0.22,  0.08, -0.18,  0.38, -0.02,  0.11, -0.06,\n",
      "        0.08,  0.24, -0.04,  0.16, -0.07,  0.19, -0.23,  0.13, -0.12,\n",
      "        0.1 ,  0.39,  0.48,  0.17, -0.02,  0.18, -0.23]), array([-0.14,  0.18,  0.13, -0.25, -0.05, -0.21,  0.31,  0.31,  0.25,\n",
      "        0.09,  0.23, -0.06,  0.21, -0.12, -0.16, -0.03, -0.06, -0.25,\n",
      "        0.06,  0.17,  0.22,  0.34, -0.17,  0.  , -0.35]), array([ 0.23,  0.37,  0.08,  0.23, -0.01,  0.33, -0.07,  0.06, -0.02,\n",
      "        0.17, -0.12, -0.03, -0.11,  0.25, -0.35, -0.02,  0.43,  0.12,\n",
      "        0.24,  0.27,  0.02,  0.16,  0.16,  0.11,  0.02]), array([ 0.23, -0.14, -0.31, -0.04, -0.39, -0.12,  0.1 , -0.14,  0.1 ,\n",
      "        0.22, -0.15, -0.3 ,  0.22,  0.25,  0.03, -0.34, -0.28, -0.06,\n",
      "        0.18, -0.04, -0.06, -0.04,  0.18,  0.26,  0.02]), array([ 0.05, -0.4 , -0.06,  0.53,  0.24, -0.33, -0.01,  0.05,  0.02,\n",
      "       -0.03, -0.16,  0.1 ,  0.12, -0.02,  0.21, -0.11,  0.07,  0.29,\n",
      "        0.09, -0.22, -0.19, -0.18, -0.13, -0.15,  0.16]), array([-0.1 , -0.03,  0.2 ,  0.38,  0.2 , -0.12, -0.11, -0.21,  0.06,\n",
      "        0.14, -0.03, -0.12, -0.28, -0.23, -0.14,  0.05, -0.12, -0.3 ,\n",
      "        0.  , -0.37, -0.03,  0.35, -0.05, -0.23, -0.29]), array([ -6.42e-02,   3.42e-02,  -5.79e-02,   2.35e-02,  -4.55e-02,\n",
      "        -7.95e-02,   1.93e-02,   3.85e-01,  -3.09e-02,  -2.56e-01,\n",
      "        -3.37e-01,  -4.50e-04,   2.92e-01,   3.62e-02,   2.59e-01,\n",
      "        -2.06e-01,   2.55e-01,  -4.56e-01,  -1.61e-01,  -1.28e-01,\n",
      "        -7.97e-02,  -1.55e-02,  -9.01e-02,   3.56e-01,  -3.29e-02]), array([ 0.15,  0.19, -0.09,  0.34, -0.12,  0.28, -0.33,  0.23, -0.05,\n",
      "        0.05,  0.  ,  0.24, -0.45, -0.13, -0.09, -0.04,  0.34, -0.13,\n",
      "       -0.09, -0.01,  0.09,  0.11, -0.2 , -0.02,  0.28]), array([-0.03,  0.11, -0.42,  0.01,  0.07,  0.36, -0.  , -0.08, -0.35,\n",
      "        0.23,  0.18,  0.01, -0.04,  0.14,  0.02, -0.01,  0.13,  0.19,\n",
      "        0.06,  0.25,  0.16,  0.15,  0.24,  0.43,  0.16]), array([ 0.16, -0.23,  0.21, -0.24,  0.23,  0.01, -0.09, -0.12, -0.07,\n",
      "       -0.05, -0.1 ,  0.05, -0.29,  0.02, -0.23, -0.33, -0.19,  0.02,\n",
      "        0.39,  0.16, -0.23,  0.13,  0.27,  0.35,  0.09]), array([ 0.34,  0.32, -0.17, -0.13,  0.15,  0.1 ,  0.23, -0.3 , -0.31,\n",
      "       -0.12,  0.21, -0.21, -0.24,  0.02,  0.07, -0.14,  0.07,  0.01,\n",
      "       -0.29, -0.1 , -0.11, -0.04, -0.28, -0.  ,  0.28]), array([-0.22,  0.08,  0.23, -0.15, -0.14, -0.2 , -0.01, -0.08, -0.25,\n",
      "       -0.01,  0.05, -0.23,  0.27, -0.4 , -0.01,  0.08,  0.13, -0.36,\n",
      "       -0.06,  0.52, -0.09,  0.11, -0.08,  0.01, -0.01]), array([ 0.26, -0.4 ,  0.23, -0.08,  0.29, -0.05,  0.3 ,  0.12,  0.21,\n",
      "        0.19,  0.2 , -0.06, -0.17, -0.24,  0.25, -0.15,  0.13, -0.27,\n",
      "       -0.24,  0.05, -0.05, -0.09,  0.21, -0.15,  0.08]), array([ 0.07, -0.08,  0.1 ,  0.03, -0.1 ,  0.09, -0.18,  0.05,  0.09,\n",
      "       -0.11, -0.05,  0.3 , -0.36,  0.35,  0.11, -0.02,  0.32,  0.09,\n",
      "       -0.11,  0.54, -0.08, -0.08,  0.3 ,  0.18,  0.04]), array([ 0.27,  0.27,  0.28,  0.35,  0.19,  0.12, -0.24,  0.  , -0.25,\n",
      "       -0.09, -0.14,  0.28,  0.16,  0.19, -0.07, -0.03, -0.17,  0.11,\n",
      "       -0.11, -0.22,  0.34, -0.09,  0.21, -0.13, -0.16]), array([ 0.32, -0.02, -0.19, -0.03,  0.01,  0.16,  0.35, -0.4 , -0.21,\n",
      "        0.25, -0.18,  0.01, -0.21, -0.2 ,  0.07, -0.04, -0.03,  0.05,\n",
      "        0.09, -0.03,  0.03, -0.27, -0.4 ,  0.27,  0.03])]\n",
      "AA^T:\n",
      "[[  1.00e+00  -1.55e-01   2.10e-01  -7.92e-03   5.97e-02  -1.62e-01\n",
      "   -2.29e-01   7.13e-02   7.11e-02  -8.09e-02   2.37e-01   1.71e-01\n",
      "   -4.72e-01  -3.58e-02  -3.10e-01   1.66e-02   1.38e-01  -2.33e-01\n",
      "   -1.08e-01  -2.55e-01  -1.08e-01   1.70e-01  -2.47e-01   2.83e-01\n",
      "   -1.09e-01  -1.16e-01  -1.21e-01   2.29e-01  -2.41e-01  -9.63e-02\n",
      "    2.33e-03  -3.61e-01  -1.37e-01   3.71e-02   5.58e-02   2.58e-01\n",
      "   -5.18e-01  -2.69e-01   1.79e-01   3.12e-01  -1.09e-01  -9.19e-02\n",
      "   -3.92e-01  -1.71e-01   8.32e-02   1.74e-01   2.67e-01  -3.77e-01\n",
      "    6.25e-02   1.42e-01]\n",
      " [ -1.55e-01   1.00e+00   1.11e-01  -1.90e-01  -8.00e-02  -1.60e-01\n",
      "    6.52e-02   7.27e-02  -1.94e-01  -5.18e-02  -3.18e-01  -4.56e-01\n",
      "    1.83e-01  -1.20e-01   2.32e-01   6.97e-02  -4.94e-02   1.95e-01\n",
      "   -9.43e-02   2.53e-01  -1.81e-01  -2.19e-02   2.57e-01   3.19e-03\n",
      "    1.51e-01   7.38e-02   2.80e-01   3.51e-01   9.79e-03   1.75e-01\n",
      "    6.96e-02   9.08e-02  -8.65e-02   3.73e-01   3.55e-01   1.12e-01\n",
      "    2.65e-01  -2.94e-01  -3.58e-01   3.13e-02  -4.54e-02   3.27e-01\n",
      "    2.12e-01   1.24e-01  -1.74e-02  -4.97e-03  -9.84e-02   2.36e-01\n",
      "   -2.40e-01  -1.33e-01]\n",
      " [  2.10e-01   1.11e-01   1.00e+00  -9.65e-02   6.68e-03  -3.28e-02\n",
      "   -1.99e-01   3.02e-01  -4.68e-02  -3.43e-02  -1.58e-01  -3.62e-02\n",
      "    1.03e-01  -7.92e-03  -1.59e-01   5.51e-02  -6.08e-02  -8.38e-02\n",
      "    3.02e-01  -1.98e-01  -1.64e-01   2.88e-01  -2.40e-01  -9.21e-02\n",
      "    3.99e-02   9.65e-02   8.62e-02  -4.77e-02   1.04e-01   2.52e-01\n",
      "    1.20e-01  -1.44e-01   4.98e-02   3.44e-01   1.29e-01   6.07e-03\n",
      "   -1.61e-01  -1.05e-01   1.39e-01  -7.77e-02   1.97e-01   9.82e-02\n",
      "    1.77e-01  -1.16e-01   1.88e-01   6.42e-02  -4.39e-02  -2.24e-01\n",
      "    3.13e-03   1.33e-01]\n",
      " [ -7.92e-03  -1.90e-01  -9.65e-02   1.00e+00  -3.36e-01   3.87e-01\n",
      "    1.09e-03  -1.79e-01   5.05e-02  -6.83e-02   2.67e-01   3.11e-01\n",
      "   -2.10e-01   3.97e-01  -1.88e-01  -1.27e-01  -7.43e-02   6.22e-02\n",
      "    2.74e-01  -3.84e-01  -1.44e-01   7.65e-02   1.56e-01   1.72e-01\n",
      "   -5.88e-01  -1.62e-01   5.68e-02  -1.18e-01  -4.84e-01   1.88e-01\n",
      "   -8.64e-02   1.25e-01   5.52e-02   1.63e-01  -1.10e-01  -8.11e-02\n",
      "   -4.04e-01  -2.22e-02  -5.41e-02  -2.41e-02  -7.80e-02  -3.54e-01\n",
      "   -6.22e-02   1.13e-01   2.39e-01   3.72e-01   2.34e-01  -2.56e-01\n",
      "   -1.29e-01  -8.42e-02]\n",
      " [  5.97e-02  -8.00e-02   6.68e-03  -3.36e-01   1.00e+00  -1.49e-02\n",
      "   -1.11e-01  -1.37e-01  -9.18e-02   3.17e-02   2.22e-01   6.81e-02\n",
      "    2.02e-01  -4.43e-01   1.02e-01   1.89e-01   6.02e-02   1.31e-01\n",
      "   -3.44e-01  -3.78e-02   7.66e-02  -3.98e-01  -1.80e-01   3.38e-02\n",
      "    1.45e-01   4.28e-02   3.69e-01  -3.19e-02   1.46e-01  -2.13e-01\n",
      "    1.92e-01  -2.86e-01  -1.01e-01  -2.35e-01  -1.68e-02   2.05e-01\n",
      "   -7.40e-03   3.09e-01  -2.05e-01  -2.43e-01   6.29e-02  -1.45e-01\n",
      "    6.68e-02   3.57e-01  -9.55e-02   2.08e-02  -1.30e-01   2.12e-01\n",
      "   -1.72e-01  -5.89e-02]\n",
      " [ -1.62e-01  -1.60e-01  -3.28e-02   3.87e-01  -1.49e-02   1.00e+00\n",
      "    2.49e-01   5.04e-02   3.26e-02   4.52e-02  -2.22e-03   2.09e-01\n",
      "   -2.30e-02  -8.76e-02   5.69e-02  -4.06e-02   9.16e-02   1.34e-01\n",
      "   -1.49e-01  -9.51e-02   8.62e-02  -1.32e-02   2.35e-01   2.46e-01\n",
      "   -2.73e-02  -3.54e-02  -4.80e-03  -6.32e-02  -1.97e-01  -1.90e-01\n",
      "    1.16e-01  -1.34e-01   1.46e-01   2.67e-01  -9.43e-02  -1.61e-01\n",
      "   -1.47e-01   3.67e-02   2.09e-01  -2.70e-01   2.54e-02  -2.67e-01\n",
      "   -5.57e-02   2.91e-01  -2.94e-02   2.56e-01   3.62e-01   4.13e-01\n",
      "   -2.99e-01  -6.12e-02]\n",
      " [ -2.29e-01   6.52e-02  -1.99e-01   1.09e-03  -1.11e-01   2.49e-01\n",
      "    1.00e+00  -1.79e-01  -3.01e-02   3.04e-01   1.50e-01  -2.23e-01\n",
      "   -6.22e-02   6.69e-02  -1.70e-01  -1.41e-01  -7.50e-02  -1.07e-01\n",
      "   -2.04e-01   1.98e-01  -2.67e-01  -1.08e-01   2.04e-01  -1.85e-01\n",
      "    1.72e-01  -2.37e-02  -2.01e-01   6.00e-02  -2.98e-01  -3.40e-01\n",
      "    8.83e-03   1.62e-01   1.11e-01   2.41e-01   2.46e-02  -2.56e-01\n",
      "    3.17e-01   9.14e-02   7.29e-02  -2.85e-01  -3.70e-01   2.20e-01\n",
      "    1.92e-01   4.94e-02  -6.85e-02  -1.67e-01  -1.28e-01   3.20e-01\n",
      "   -1.68e-01  -1.17e-01]\n",
      " [  7.13e-02   7.27e-02   3.02e-01  -1.79e-01  -1.37e-01   5.04e-02\n",
      "   -1.79e-01   1.00e+00   2.74e-01  -3.19e-01  -5.36e-01  -2.55e-03\n",
      "    1.03e-01  -2.13e-01   3.35e-01  -3.95e-02   3.03e-01   2.47e-01\n",
      "   -1.27e-01  -5.30e-01   1.43e-02   2.88e-01  -1.05e-01   6.81e-02\n",
      "   -2.15e-01   2.76e-01  -2.01e-01   5.10e-02   3.05e-01  -5.46e-02\n",
      "   -1.28e-02   2.61e-01  -3.91e-03   5.64e-02   2.94e-01   1.52e-02\n",
      "   -1.27e-01   9.23e-02  -7.03e-02  -1.47e-01   1.57e-02  -1.52e-01\n",
      "    1.67e-01  -1.21e-01   1.00e-01  -2.43e-01   3.82e-01   1.57e-01\n",
      "    1.19e-01   9.07e-02]\n",
      " [  7.11e-02  -1.94e-01  -4.68e-02   5.05e-02  -9.18e-02   3.26e-02\n",
      "   -3.01e-02   2.74e-01   1.00e+00   2.51e-01  -6.43e-02   3.74e-01\n",
      "   -7.55e-02   2.32e-01  -1.23e-01  -4.55e-02   3.91e-02   1.35e-01\n",
      "    3.05e-01  -1.19e-01   3.16e-01   2.30e-02  -1.47e-01   8.82e-02\n",
      "   -3.06e-01   1.74e-01  -1.88e-01  -1.97e-01   1.02e-02   1.57e-01\n",
      "   -4.77e-02   2.41e-02   1.15e-01  -1.87e-01  -8.78e-03   1.13e-01\n",
      "   -1.35e-01  -3.31e-02   8.14e-02   3.83e-03  -3.85e-01  -4.25e-01\n",
      "    1.13e-01  -3.01e-01  -2.41e-01  -8.32e-02   3.33e-02   3.08e-02\n",
      "    2.20e-01  -3.63e-01]\n",
      " [ -8.09e-02  -5.18e-02  -3.43e-02  -6.83e-02   3.17e-02   4.52e-02\n",
      "    3.04e-01  -3.19e-01   2.51e-01   1.00e+00   2.34e-01   1.13e-01\n",
      "   -1.09e-01   8.10e-02  -1.87e-01   1.63e-01  -2.22e-01  -7.74e-02\n",
      "   -1.18e-03   2.55e-01   1.43e-01  -1.17e-03   3.85e-01  -1.37e-01\n",
      "    1.33e-01  -3.47e-01  -1.39e-01   5.31e-02  -8.69e-02  -2.10e-01\n",
      "    8.89e-02  -2.68e-01   8.69e-02  -7.10e-02  -8.16e-02  -4.59e-02\n",
      "    2.86e-01   3.16e-02  -2.99e-02  -8.06e-02  -2.45e-01  -9.00e-02\n",
      "    9.74e-02  -7.46e-02   7.67e-02   5.20e-02  -6.09e-01   6.61e-02\n",
      "    2.93e-01  -3.44e-02]\n",
      " [  2.37e-01  -3.18e-01  -1.58e-01   2.67e-01   2.22e-01  -2.22e-03\n",
      "    1.50e-01  -5.36e-01  -6.43e-02   2.34e-01   1.00e+00   8.95e-02\n",
      "   -5.21e-01   8.48e-02  -2.23e-01   1.48e-01   1.28e-01  -1.26e-01\n",
      "    1.84e-03   1.14e-01   9.05e-02  -4.22e-01   6.26e-02   9.26e-02\n",
      "    8.03e-03  -1.58e-01  -1.24e-01   3.83e-01  -2.73e-01  -1.23e-01\n",
      "    1.45e-01  -2.02e-01  -8.06e-02  -7.30e-02   1.59e-02  -2.28e-01\n",
      "   -3.70e-02   1.95e-01   5.38e-02  -1.50e-01  -5.82e-02  -2.38e-02\n",
      "    1.16e-01   2.80e-01   8.13e-02   1.68e-01  -2.47e-01  -3.11e-02\n",
      "    1.47e-01   1.21e-01]\n",
      " [  1.71e-01  -4.56e-01  -3.62e-02   3.11e-01   6.81e-02   2.09e-01\n",
      "   -2.23e-01  -2.55e-03   3.74e-01   1.13e-01   8.95e-02   1.00e+00\n",
      "    7.85e-02   1.92e-01  -1.17e-01  -1.51e-01  -2.61e-01   2.96e-01\n",
      "    1.71e-01  -2.11e-01   2.46e-01  -1.03e-01  -2.17e-01   8.09e-03\n",
      "   -4.31e-01  -5.64e-02   2.76e-02  -3.37e-01  -3.00e-01   3.06e-01\n",
      "    3.45e-01   1.67e-01  -8.45e-02  -1.34e-01  -2.23e-01  -1.94e-01\n",
      "   -4.30e-01   1.92e-01   2.36e-01   1.29e-01  -5.97e-02  -3.40e-01\n",
      "   -1.79e-01  -1.02e-01  -4.63e-02  -1.72e-02   2.89e-01  -1.92e-01\n",
      "    2.25e-01  -2.36e-02]\n",
      " [ -4.72e-01   1.83e-01   1.03e-01  -2.10e-01   2.02e-01  -2.30e-02\n",
      "   -6.22e-02   1.03e-01  -7.55e-02  -1.09e-01  -5.21e-01   7.85e-02\n",
      "    1.00e+00  -4.28e-02  -1.62e-02   3.22e-03  -5.80e-02   2.01e-01\n",
      "   -5.19e-02   2.02e-02  -1.10e-01   1.31e-01   1.67e-02   6.41e-02\n",
      "   -9.13e-02   4.32e-02   1.38e-01  -4.15e-01   1.48e-01   2.25e-01\n",
      "    2.72e-03   3.06e-01   2.70e-02  -7.96e-02  -1.30e-01   1.38e-02\n",
      "    2.67e-01   2.99e-01  -8.66e-02   4.07e-02  -1.07e-02   2.18e-03\n",
      "    9.10e-02  -1.43e-03   8.73e-02  -1.33e-01   1.10e-01   1.95e-02\n",
      "   -3.58e-01   1.11e-01]\n",
      " [ -3.58e-02  -1.20e-01  -7.92e-03   3.97e-01  -4.43e-01  -8.76e-02\n",
      "    6.69e-02  -2.13e-01   2.32e-01   8.10e-02   8.48e-02   1.92e-01\n",
      "   -4.28e-02   1.00e+00  -3.66e-01   1.29e-01  -1.33e-01  -2.38e-01\n",
      "    3.76e-01  -1.84e-01   7.12e-02   1.25e-01   1.87e-01   2.79e-01\n",
      "   -1.07e-01  -1.42e-01   8.36e-04  -3.99e-01  -1.41e-01   1.34e-01\n",
      "   -4.26e-01   3.37e-01   1.16e-01  -2.63e-01  -2.28e-01  -3.62e-01\n",
      "    2.41e-02  -1.99e-01   4.70e-01   1.93e-01  -1.52e-01  -1.22e-01\n",
      "   -4.92e-02  -1.18e-01   1.29e-01  -1.46e-01   2.42e-02  -2.58e-01\n",
      "    2.73e-01  -1.70e-01]\n",
      " [ -3.10e-01   2.32e-01  -1.59e-01  -1.88e-01   1.02e-01   5.69e-02\n",
      "   -1.70e-01   3.35e-01  -1.23e-01  -1.87e-01  -2.23e-01  -1.17e-01\n",
      "   -1.62e-02  -3.66e-01   1.00e+00   2.57e-01  -5.81e-02   4.38e-01\n",
      "   -4.70e-02  -1.37e-01   8.64e-02  -1.17e-01   1.17e-01  -8.91e-02\n",
      "    7.33e-02   3.18e-01  -2.32e-02   2.59e-01   3.62e-01  -3.79e-02\n",
      "    4.95e-02   1.62e-01  -1.84e-01   5.90e-02   2.82e-01   1.39e-01\n",
      "    3.08e-01   3.39e-02  -3.44e-01  -3.32e-01   2.89e-01   5.16e-02\n",
      "    1.95e-01   4.07e-01  -1.68e-01  -7.98e-02   2.34e-01   4.60e-01\n",
      "    1.39e-01  -7.57e-02]\n",
      " [  1.66e-02   6.97e-02   5.51e-02  -1.27e-01   1.89e-01  -4.06e-02\n",
      "   -1.41e-01  -3.95e-02  -4.55e-02   1.63e-01   1.48e-01  -1.51e-01\n",
      "    3.22e-03   1.29e-01   2.57e-01   1.00e+00   3.42e-02   2.80e-02\n",
      "   -3.06e-02  -1.06e-01   8.80e-02   3.18e-02   2.56e-01   4.79e-01\n",
      "    1.01e-01  -2.05e-01  -2.36e-01   3.06e-02   3.11e-01  -3.16e-01\n",
      "   -3.49e-01  -1.94e-01   2.37e-01   1.58e-02  -3.20e-01  -5.71e-02\n",
      "    2.63e-01   1.93e-02   8.09e-02  -8.38e-02  -1.28e-02  -1.15e-01\n",
      "    2.46e-01   4.53e-01   2.10e-01  -2.41e-01  -1.45e-01   1.79e-03\n",
      "    1.05e-01   8.99e-02]\n",
      " [  1.38e-01  -4.94e-02  -6.08e-02  -7.43e-02   6.02e-02   9.16e-02\n",
      "   -7.50e-02   3.03e-01   3.91e-02  -2.22e-01   1.28e-01  -2.61e-01\n",
      "   -5.80e-02  -1.33e-01  -5.81e-02   3.42e-02   1.00e+00   4.87e-02\n",
      "   -1.36e-01  -1.77e-01  -3.12e-02   1.34e-01   1.69e-01   4.10e-01\n",
      "    1.24e-01  -1.63e-01  -4.12e-02   1.81e-01  -1.39e-01  -2.65e-01\n",
      "   -1.42e-01  -5.87e-02   9.20e-03  -2.01e-01   2.37e-01   8.80e-02\n",
      "   -1.34e-02   3.00e-01  -3.38e-02   8.55e-02   1.66e-01  -1.76e-01\n",
      "    1.83e-01   9.06e-02   2.23e-01   1.79e-01   2.41e-01   7.05e-02\n",
      "   -2.90e-01   1.82e-01]\n",
      " [ -2.33e-01   1.95e-01  -8.38e-02   6.22e-02   1.31e-01   1.34e-01\n",
      "   -1.07e-01   2.47e-01   1.35e-01  -7.74e-02  -1.26e-01   2.96e-01\n",
      "    2.01e-01  -2.38e-01   4.38e-01   2.80e-02   4.87e-02   1.00e+00\n",
      "   -1.06e-01  -1.25e-01  -2.14e-01  -5.46e-02   2.69e-01  -1.88e-01\n",
      "   -1.29e-01   1.58e-03   1.52e-01   7.69e-02  -1.44e-01   9.47e-02\n",
      "    3.17e-01   2.40e-01  -7.19e-02   3.15e-03   9.79e-02  -3.72e-02\n",
      "   -1.02e-01   3.33e-01  -2.26e-01  -1.87e-01   1.03e-01  -3.70e-01\n",
      "    1.96e-01   2.45e-01  -3.52e-01   2.13e-01   6.99e-02   1.28e-01\n",
      "   -2.00e-01  -1.22e-01]\n",
      " [ -1.08e-01  -9.43e-02   3.02e-01   2.74e-01  -3.44e-01  -1.49e-01\n",
      "   -2.04e-01  -1.27e-01   3.05e-01  -1.18e-03   1.84e-03   1.71e-01\n",
      "   -5.19e-02   3.76e-01  -4.70e-02  -3.06e-02  -1.36e-01  -1.06e-01\n",
      "    1.00e+00   9.74e-03   2.33e-01  -6.72e-02  -2.65e-01  -9.65e-02\n",
      "   -2.05e-01   9.36e-02  -3.65e-02  -3.93e-01  -1.78e-01   4.17e-01\n",
      "   -1.56e-01   2.73e-02   1.05e-01   2.91e-02   2.72e-02   1.60e-01\n",
      "   -1.31e-02  -2.14e-01   1.28e-01   1.18e-01   1.78e-01   8.29e-02\n",
      "    9.89e-02  -2.83e-01   3.63e-02   8.65e-02   6.24e-02  -3.63e-01\n",
      "    2.12e-01  -3.34e-01]\n",
      " [ -2.55e-01   2.53e-01  -1.98e-01  -3.84e-01  -3.78e-02  -9.51e-02\n",
      "    1.98e-01  -5.30e-01  -1.19e-01   2.55e-01   1.14e-01  -2.11e-01\n",
      "    2.02e-02  -1.84e-01  -1.37e-01  -1.06e-01  -1.77e-01  -1.25e-01\n",
      "    9.74e-03   1.00e+00   2.44e-01  -1.87e-01   1.39e-02  -2.66e-01\n",
      "    4.48e-01  -7.58e-02  -4.78e-02   1.66e-01  -3.40e-02   1.29e-01\n",
      "    2.94e-01  -2.62e-01   7.45e-02   8.94e-02  -2.04e-01  -9.64e-02\n",
      "    2.52e-01  -5.46e-02   3.75e-02   2.07e-01  -5.33e-02   3.78e-01\n",
      "   -1.46e-01  -4.15e-02  -2.74e-01  -1.09e-01  -4.45e-01   9.35e-02\n",
      "   -6.46e-02  -9.24e-02]\n",
      " [ -1.08e-01  -1.81e-01  -1.64e-01  -1.44e-01   7.66e-02   8.62e-02\n",
      "   -2.67e-01   1.43e-02   3.16e-01   1.43e-01   9.05e-02   2.46e-01\n",
      "   -1.10e-01   7.12e-02   8.64e-02   8.80e-02  -3.12e-02  -2.14e-01\n",
      "    2.33e-01   2.44e-01   1.00e+00  -4.76e-01  -8.11e-02   1.88e-01\n",
      "   -1.13e-01   7.84e-02  -1.47e-01  -1.16e-01   2.89e-01   1.26e-01\n",
      "   -6.87e-02  -1.99e-01   8.96e-02  -3.06e-01  -8.20e-02  -1.26e-01\n",
      "    8.94e-02  -7.06e-02   1.12e-01  -1.45e-01  -2.51e-02  -1.44e-02\n",
      "   -5.48e-02  -1.62e-01   1.56e-01  -2.25e-01  -2.01e-02   1.34e-01\n",
      "    4.18e-01  -7.54e-02]\n",
      " [  1.70e-01  -2.19e-02   2.88e-01   7.65e-02  -3.98e-01  -1.32e-02\n",
      "   -1.08e-01   2.88e-01   2.30e-02  -1.17e-03  -4.22e-01  -1.03e-01\n",
      "    1.31e-01   1.25e-01  -1.17e-01   3.18e-02   1.34e-01  -5.46e-02\n",
      "   -6.72e-02  -1.87e-01  -4.76e-01   1.00e+00   5.73e-02   1.81e-01\n",
      "    4.55e-03  -1.59e-01  -2.54e-01  -8.18e-02   4.41e-02  -1.56e-02\n",
      "   -2.11e-01  -2.32e-02   1.33e-01   3.74e-02  -1.24e-01   2.47e-01\n",
      "   -1.54e-01   7.85e-02   3.92e-02   3.75e-01   7.42e-02  -2.38e-01\n",
      "   -2.64e-01  -1.15e-01   2.31e-02   1.25e-01   9.79e-02  -3.40e-01\n",
      "   -1.50e-01   7.00e-02]\n",
      " [ -2.47e-01   2.57e-01  -2.40e-01   1.56e-01  -1.80e-01   2.35e-01\n",
      "    2.04e-01  -1.05e-01  -1.47e-01   3.85e-01   6.26e-02  -2.17e-01\n",
      "    1.67e-02   1.87e-01   1.17e-01   2.56e-01   1.69e-01   2.69e-01\n",
      "   -2.65e-01   1.39e-02  -8.11e-02   5.73e-02   1.00e+00   2.02e-01\n",
      "    1.07e-01  -2.40e-01  -7.27e-02   1.68e-01  -5.36e-02  -2.37e-01\n",
      "   -7.98e-02   1.13e-01   7.80e-03  -1.14e-01  -3.62e-02  -1.73e-01\n",
      "    2.20e-01   1.31e-02  -7.91e-02  -2.29e-01  -9.34e-03  -3.41e-01\n",
      "    1.67e-02   2.22e-01   1.39e-01   1.25e-01  -2.04e-01   1.31e-01\n",
      "   -1.16e-01   1.45e-01]\n",
      " [  2.83e-01   3.19e-03  -9.21e-02   1.72e-01   3.38e-02   2.46e-01\n",
      "   -1.85e-01   6.81e-02   8.82e-02  -1.37e-01   9.26e-02   8.09e-03\n",
      "    6.41e-02   2.79e-01  -8.91e-02   4.79e-01   4.10e-01  -1.88e-01\n",
      "   -9.65e-02  -2.66e-01   1.88e-01   1.81e-01   2.02e-01   1.00e+00\n",
      "   -2.29e-01  -1.51e-01  -2.94e-01  -8.86e-02   9.12e-02  -1.07e-01\n",
      "   -5.35e-01  -1.61e-02   9.99e-02  -2.57e-01  -1.81e-02   1.52e-01\n",
      "    6.84e-02  -3.32e-02   6.34e-02   2.19e-01  -1.12e-01  -2.97e-01\n",
      "   -1.34e-01   2.58e-01   2.37e-01   8.36e-02   4.10e-01  -6.04e-02\n",
      "   -5.71e-02   4.77e-03]\n",
      " [ -1.09e-01   1.51e-01   3.99e-02  -5.88e-01   1.45e-01  -2.73e-02\n",
      "    1.72e-01  -2.15e-01  -3.06e-01   1.33e-01   8.03e-03  -4.31e-01\n",
      "   -9.13e-02  -1.07e-01   7.33e-02   1.01e-01   1.24e-01  -1.29e-01\n",
      "   -2.05e-01   4.48e-01  -1.13e-01   4.55e-03   1.07e-01  -2.29e-01\n",
      "    1.00e+00   7.90e-02   1.82e-01   1.47e-01   1.62e-01  -4.11e-01\n",
      "    1.47e-01  -2.68e-01   1.64e-01  -7.76e-03  -5.25e-02  -1.54e-01\n",
      "    2.65e-01  -6.76e-02   3.67e-01   6.35e-03   4.38e-01   3.77e-01\n",
      "   -6.64e-02   6.03e-02  -3.01e-01  -1.14e-01  -3.10e-01   4.00e-01\n",
      "   -2.70e-02  -1.19e-01]\n",
      " [ -1.16e-01   7.38e-02   9.65e-02  -1.62e-01   4.28e-02  -3.54e-02\n",
